F-PI = [
      (0, 0, 0), (0, 0, 0), (0, 0, 0), (0, 0, 0), (0, 0, 0), (0, 0, 0), (0, 0, 0), (0, 0, 0),
    (0, 0, 0), (208, 2, 27), (208, 2, 27), (208, 2, 27), (0, 0, 0), (0, 0, 0), (0, 0, 0), (0, 0, 0),
    (0, 0, 0), (208, 2, 27), (0, 0, 0), (0, 0, 0), (0, 0, 0), (0, 0, 0), (0, 0, 0), (208, 2, 27),
    (0, 0, 0), (208, 2, 70), (208, 2, 70), (208, 2, 164), (0, 0, 0), (0, 0, 0), (0, 0, 0), (0, 0, 0),
    (0, 0, 0), (208, 2, 164), (0, 0, 0), (0, 0, 0), (208, 2, 27), (208, 2, 27), (0, 0, 0), (208, 2, 27),
    (0, 0, 0), (144, 19, 254), (0, 0, 0), (208, 2, 70), (0, 0, 0), (208, 2, 27), (0, 0, 0), (208, 2, 70),
    (0, 0, 0), (144, 19, 254), (0, 0, 0), (144, 19, 254), (208, 2, 164), (208, 2, 70), (0, 0, 0), (144, 19, 254),
    (0, 0, 0), (0, 0, 0), (0, 0, 0), (144, 19, 254), (0, 0, 0), (0, 0, 0), (0, 0, 0), (0, 0, 0),
  ]


TOPPLISTE = [
      (0, 0, 0), (0, 0, 0), (0, 0, 0), (248, 231, 28), (248, 231, 28), (0, 0, 0), (0, 0, 0), (0, 0, 0),
    (0, 0, 0), (0, 0, 0), (0, 0, 0), (0, 0, 0), (248, 231, 28), (0, 0, 0), (0, 0, 0), (0, 0, 0),
    (0, 0, 0), (0, 0, 0), (0, 0, 0), (0, 0, 0), (248, 231, 28), (0, 0, 0), (0, 0, 0), (0, 0, 0),
    (255, 255, 255), (255, 255, 255), (255, 255, 255), (248, 231, 28), (248, 231, 28), (248, 231, 28), (223, 86, 23), (223, 86, 23),
    (0, 0, 0), (0, 0, 0), (255, 255, 255), (0, 0, 0), (0, 0, 0), (0, 0, 0), (0, 0, 0), (223, 86, 23),
    (255, 255, 255), (255, 255, 255), (255, 255, 255), (0, 0, 0), (0, 0, 0), (223, 86, 23), (223, 86, 23), (223, 86, 23),
    (255, 255, 255), (0, 0, 0), (0, 0, 0), (0, 0, 0), (0, 0, 0), (0, 0, 0), (0, 0, 0), (223, 86, 23),
    (255, 255, 255), (255, 255, 255), (255, 255, 255), (0, 0, 0), (0, 0, 0), (223, 86, 23), (223, 86, 23), (223, 86, 23),
  ]
  
  SETTINGS = [
      (0, 0, 0), (0, 0, 0), (0, 0, 0), (255, 255, 255), (255, 255, 255), (0, 0, 0), (0, 0, 0), (0, 0, 0),
    (0, 0, 0), (255, 255, 255), (255, 255, 255), (255, 255, 255), (255, 255, 255), (255, 255, 255), (255, 255, 255), (0, 0, 0),
    (0, 0, 0), (255, 255, 255), (255, 255, 255), (255, 255, 255), (255, 255, 255), (255, 255, 255), (255, 255, 255), (0, 0, 0),
    (255, 255, 255), (255, 255, 255), (255, 255, 255), (0, 0, 0), (0, 0, 0), (255, 255, 255), (255, 255, 255), (255, 255, 255),
    (255, 255, 255), (255, 255, 255), (255, 255, 255), (0, 0, 0), (0, 0, 0), (255, 255, 255), (255, 255, 255), (255, 255, 255),
    (0, 0, 0), (255, 255, 255), (255, 255, 255), (255, 255, 255), (255, 255, 255), (255, 255, 255), (255, 255, 255), (0, 0, 0),
    (0, 0, 0), (255, 255, 255), (255, 255, 255), (255, 255, 255), (255, 255, 255), (255, 255, 255), (255, 255, 255), (0, 0, 0),
    (0, 0, 0), (0, 0, 0), (0, 0, 0), (255, 255, 255), (255, 255, 255), (0, 0, 0), (0, 0, 0), (0, 0, 0),
  ]
  
SKYLINE = [
      (0, 0, 0), (0, 0, 0), (0, 0, 0), (0, 0, 0), (0, 0, 0), (0, 0, 0), (0, 0, 0), (0, 0, 0),
    (0, 0, 0), (0, 0, 0), (0, 0, 0), (155, 155, 155), (155, 155, 155), (0, 0, 0), (0, 0, 0), (0, 0, 0),
    (0, 0, 0), (155, 155, 155), (155, 155, 155), (155, 155, 155), (74, 144, 226), (155, 155, 155), (155, 155, 155), (13, 85, 168),
    (155, 155, 155), (155, 155, 155), (74, 144, 226), (74, 144, 226), (155, 155, 155), (45, 128, 224), (45, 128, 224), (13, 85, 168),
    (155, 155, 155), (74, 74, 74), (74, 74, 74), (74, 144, 226), (45, 128, 224), (74, 74, 74), (74, 74, 74), (13, 85, 168),
    (0, 0, 0), (74, 74, 74), (74, 74, 74), (0, 0, 0), (0, 0, 0), (74, 74, 74), (74, 74, 74), (0, 0, 0),
    (126, 211, 33), (126, 211, 33), (126, 211, 33), (126, 211, 33), (126, 211, 33), (126, 211, 33), (126, 211, 33), (126, 211, 33),
    (126, 211, 33), (126, 211, 33), (126, 211, 33), (126, 211, 33), (126, 211, 33), (126, 211, 33), (126, 211, 33), (126, 211, 33),
  ]
  
  SUPRA = [
      (0, 0, 0), (0, 0, 0), (0, 0, 0), (0, 0, 0), (245, 166, 35), (245, 166, 35), (0, 0, 0), (0, 0, 0),
    (0, 0, 0), (245, 166, 35), (245, 166, 35), (245, 166, 35), (126, 211, 33), (155, 155, 155), (245, 166, 35), (74, 74, 74),
    (233, 217, 182), (245, 166, 35), (126, 211, 33), (155, 155, 155), (155, 155, 155), (126, 211, 33), (126, 211, 33), (245, 166, 35),
    (245, 166, 35), (74, 74, 74), (74, 74, 74), (245, 166, 35), (245, 166, 35), (74, 74, 74), (74, 74, 74), (245, 166, 35),
    (0, 0, 0), (74, 74, 74), (74, 74, 74), (0, 0, 0), (0, 0, 0), (74, 74, 74), (74, 74, 74), (0, 0, 0),
    (0, 0, 0), (0, 0, 0), (0, 0, 0), (0, 0, 0), (0, 0, 0), (0, 0, 0), (0, 0, 0), (0, 0, 0),
    (126, 211, 33), (126, 211, 33), (126, 211, 33), (126, 211, 33), (126, 211, 33), (126, 211, 33), (126, 211, 33), (126, 211, 33),
    (126, 211, 33), (126, 211, 33), (126, 211, 33), (126, 211, 33), (126, 211, 33), (126, 211, 33), (126, 211, 33), (126, 211, 33),
  ]
  
  
 CHARGER = [
      (0, 0, 0), (0, 0, 0), (0, 0, 0), (0, 0, 0), (0, 0, 0), (0, 0, 0), (0, 0, 0), (0, 0, 0),
    (0, 0, 0), (0, 0, 0), (155, 155, 155), (0, 0, 0), (144, 19, 254), (144, 19, 254), (144, 19, 254), (0, 0, 0),
    (144, 19, 254), (144, 19, 254), (144, 19, 254), (144, 19, 254), (144, 19, 254), (144, 19, 254), (144, 19, 254), (144, 19, 254),
    (0, 0, 0), (144, 19, 254), (144, 19, 254), (144, 19, 254), (144, 19, 254), (144, 19, 254), (144, 19, 254), (0, 0, 0),
    (0, 0, 0), (74, 74, 74), (74, 74, 74), (0, 0, 0), (0, 0, 0), (74, 74, 74), (74, 74, 74), (0, 0, 0),
    (0, 0, 0), (0, 0, 0), (0, 0, 0), (0, 0, 0), (0, 0, 0), (0, 0, 0), (0, 0, 0), (0, 0, 0),
    (126, 211, 33), (126, 211, 33), (126, 211, 33), (126, 211, 33), (126, 211, 33), (126, 211, 33), (126, 211, 33), (126, 211, 33),
    (126, 211, 33), (126, 211, 33), (126, 211, 33), (126, 211, 33), (126, 211, 33), (126, 211, 33), (126, 211, 33), (126, 211, 33),
  ]
  
  FERRARI = [
      (0, 0, 0), (0, 0, 0), (0, 0, 0), (0, 0, 0), (0, 0, 0), (0, 0, 0), (0, 0, 0), (0, 0, 0),
    (0, 0, 0), (0, 0, 0), (0, 0, 0), (0, 0, 0), (0, 0, 0), (0, 0, 0), (0, 0, 0), (0, 0, 0),
    (0, 0, 0), (0, 0, 0), (0, 0, 0), (208, 2, 27), (208, 2, 27), (208, 2, 27), (0, 0, 0), (208, 2, 27),
    (0, 0, 0), (255, 255, 255), (208, 2, 27), (208, 2, 27), (208, 2, 27), (208, 2, 27), (208, 2, 27), (208, 2, 27),
    (208, 2, 27), (208, 2, 27), (208, 2, 27), (208, 2, 27), (208, 2, 27), (208, 2, 27), (208, 2, 27), (0, 0, 0),
    (0, 0, 0), (74, 74, 74), (74, 74, 74), (0, 0, 0), (0, 0, 0), (74, 74, 74), (74, 74, 74), (0, 0, 0),
    (126, 211, 33), (126, 211, 33), (126, 211, 33), (126, 211, 33), (126, 211, 33), (126, 211, 33), (126, 211, 33), (126, 211, 33),
    (126, 211, 33), (126, 211, 33), (126, 211, 33), (126, 211, 33), (126, 211, 33), (126, 211, 33), (126, 211, 33), (126, 211, 33),
  ]
  
  POSTMANN_PAT = [
      (0, 0, 0), (0, 0, 0), (208, 2, 27), (208, 2, 27), (208, 2, 27), (208, 2, 27), (208, 2, 27), (208, 2, 27),
    (0, 0, 0), (0, 0, 0), (208, 2, 27), (74, 144, 226), (208, 2, 27), (248, 231, 28), (248, 231, 28), (208, 2, 27),
    (0, 0, 0), (0, 0, 0), (208, 2, 27), (74, 144, 226), (208, 2, 27), (208, 2, 27), (208, 2, 27), (208, 2, 27),
    (208, 2, 27), (208, 2, 27), (208, 2, 27), (208, 2, 27), (208, 2, 27), (208, 2, 27), (208, 2, 27), (208, 2, 27),
    (208, 2, 27), (74, 74, 74), (74, 74, 74), (208, 2, 27), (208, 2, 27), (74, 74, 74), (74, 74, 74), (208, 2, 27),
    (0, 0, 0), (74, 74, 74), (74, 74, 74), (0, 0, 0), (0, 0, 0), (74, 74, 74), (74, 74, 74), (0, 0, 0),
    (126, 211, 33), (126, 211, 33), (126, 211, 33), (126, 211, 33), (126, 211, 33), (126, 211, 33), (126, 211, 33), (126, 211, 33),
    (126, 211, 33), (126, 211, 33), (126, 211, 33), (126, 211, 33), (126, 211, 33), (126, 211, 33), (126, 211, 33), (126, 211, 33),
  ]

  IMPREZA = [
      (0, 0, 0), (0, 0, 0), (0, 0, 0), (0, 0, 0), (0, 0, 0), (0, 0, 0), (0, 0, 0), (0, 0, 0),
    (0, 0, 0), (0, 0, 0), (5, 0, 255), (5, 0, 255), (5, 0, 255), (5, 0, 255), (0, 0, 0), (5, 0, 255),
    (5, 0, 255), (5, 0, 255), (5, 0, 255), (5, 0, 255), (206, 255, 0), (206, 255, 0), (5, 0, 255), (5, 0, 255),
    (5, 0, 255), (185, 166, 0), (185, 166, 0), (206, 255, 0), (5, 0, 255), (185, 166, 0), (185, 166, 0), (5, 0, 255),
    (0, 0, 0), (185, 166, 0), (185, 166, 0), (0, 0, 0), (0, 0, 0), (185, 166, 0), (185, 166, 0), (0, 0, 0),
    (0, 0, 0), (0, 0, 0), (0, 0, 0), (0, 0, 0), (0, 0, 0), (0, 0, 0), (0, 0, 0), (0, 0, 0),
    (126, 211, 33), (126, 211, 33), (126, 211, 33), (126, 211, 33), (126, 211, 33), (126, 211, 33), (126, 211, 33), (126, 211, 33),
    (126, 211, 33), (126, 211, 33), (126, 211, 33), (126, 211, 33), (126, 211, 33), (126, 211, 33), (126, 211, 33), (126, 211, 33),
  ]

  DELOREAN = [
      (0, 0, 0), (0, 0, 0), (0, 0, 0), (0, 0, 0), (0, 0, 0), (0, 0, 0), (0, 0, 0), (0, 0, 0),
    (0, 0, 0), (0, 0, 0), (0, 0, 0), (155, 155, 155), (155, 155, 155), (155, 155, 155), (0, 0, 0), (74, 74, 74),
    (155, 155, 155), (155, 155, 155), (155, 155, 155), (155, 155, 155), (155, 155, 155), (155, 155, 155), (155, 155, 155), (155, 155, 155),
    (155, 155, 155), (0, 0, 0), (0, 0, 0), (155, 155, 155), (155, 155, 155), (0, 0, 0), (0, 0, 0), (155, 155, 155),
    (0, 0, 0), (0, 0, 0), (0, 0, 0), (0, 0, 0), (0, 0, 0), (0, 0, 0), (0, 0, 0), (0, 0, 0),
    (0, 0, 0), (0, 0, 0), (0, 0, 0), (0, 0, 0), (0, 0, 0), (0, 0, 0), (0, 0, 0), (0, 0, 0),
    (126, 211, 33), (126, 211, 33), (126, 211, 33), (126, 211, 33), (126, 211, 33), (126, 211, 33), (126, 211, 33), (126, 211, 33),
    (126, 211, 33), (126, 211, 33), (126, 211, 33), (126, 211, 33), (126, 211, 33), (126, 211, 33), (126, 211, 33), (126, 211, 33),
  ]

  MRBEAN = [
      (0, 0, 0), (0, 0, 0), (0, 0, 0), (0, 0, 0), (0, 0, 0), (0, 0, 0), (0, 0, 0), (0, 0, 0),
    (0, 0, 0), (0, 0, 0), (0, 0, 0), (205, 255, 0), (205, 255, 0), (205, 255, 0), (205, 255, 0), (0, 0, 0),
    (0, 0, 0), (0, 0, 0), (0, 0, 0), (205, 255, 0), (0, 0, 0), (0, 0, 0), (205, 255, 0), (0, 0, 0),
    (0, 0, 0), (255, 255, 255), (205, 255, 0), (205, 255, 0), (205, 255, 0), (205, 255, 0), (205, 255, 0), (0, 0, 0),
    (0, 0, 0), (205, 255, 0), (205, 255, 0), (205, 255, 0), (205, 255, 0), (205, 255, 0), (205, 255, 0), (0, 0, 0),
    (0, 0, 0), (74, 74, 74), (74, 74, 74), (0, 0, 0), (0, 0, 0), (74, 74, 74), (74, 74, 74), (0, 0, 0),
    (126, 211, 33), (126, 211, 33), (126, 211, 33), (126, 211, 33), (126, 211, 33), (126, 211, 33), (126, 211, 33), (126, 211, 33),
    (126, 211, 33), (126, 211, 33), (126, 211, 33), (126, 211, 33), (126, 211, 33), (126, 211, 33), (126, 211, 33), (126, 211, 33),
  ]

VELGE_BIL = [
      (0, 0, 0), (0, 0, 0), (0, 0, 0), (0, 0, 0), (0, 0, 0), (0, 0, 0), (0, 0, 0), (0, 0, 0),
    (0, 0, 0), (0, 0, 0), (208, 2, 27), (208, 2, 27), (74, 144, 226), (74, 144, 226), (0, 0, 0), (0, 0, 0),
    (0, 0, 0), (0, 0, 0), (208, 2, 27), (208, 2, 27), (74, 144, 226), (74, 144, 226), (0, 0, 0), (0, 0, 0),
    (208, 2, 27), (208, 2, 27), (208, 2, 27), (208, 2, 27), (74, 144, 226), (74, 144, 226), (74, 144, 226), (74, 144, 226),
    (208, 2, 27), (74, 74, 74), (74, 74, 74), (208, 2, 27), (74, 144, 226), (74, 74, 74), (74, 74, 74), (74, 144, 226),
    (0, 0, 0), (74, 74, 74), (74, 74, 74), (0, 0, 0), (0, 0, 0), (74, 74, 74), (74, 74, 74), (0, 0, 0),
    (126, 211, 33), (126, 211, 33), (126, 211, 33), (126, 211, 33), (126, 211, 33), (126, 211, 33), (126, 211, 33), (126, 211, 33),
    (126, 211, 33), (126, 211, 33), (126, 211, 33), (126, 211, 33), (126, 211, 33), (126, 211, 33), (126, 211, 33), (126, 211, 33),
  ]

GO_BACK = [
      (0, 0, 0), (0, 0, 0), (255, 255, 255), (0, 0, 0), (0, 0, 0), (0, 0, 0), (0, 0, 0), (0, 0, 0),
    (0, 0, 0), (255, 255, 255), (255, 255, 255), (0, 0, 0), (0, 0, 0), (0, 0, 0), (0, 0, 0), (0, 0, 0),
    (255, 255, 255), (255, 255, 255), (255, 255, 255), (0, 0, 0), (0, 0, 0), (0, 0, 0), (0, 0, 0), (0, 0, 0),
    (255, 255, 255), (255, 255, 255), (255, 255, 255), (255, 255, 255), (255, 255, 255), (255, 255, 255), (255, 255, 255), (255, 255, 255),
    (255, 255, 255), (255, 255, 255), (255, 255, 255), (255, 255, 255), (255, 255, 255), (255, 255, 255), (255, 255, 255), (255, 255, 255),
    (255, 255, 255), (255, 255, 255), (255, 255, 255), (0, 0, 0), (0, 0, 0), (0, 0, 0), (0, 0, 0), (0, 0, 0),
    (0, 0, 0), (255, 255, 255), (255, 255, 255), (0, 0, 0), (0, 0, 0), (0, 0, 0), (0, 0, 0), (0, 0, 0),
    (0, 0, 0), (0, 0, 0), (255, 255, 255), (0, 0, 0), (0, 0, 0), (0, 0, 0), (0, 0, 0), (0, 0, 0),
  ]

START_GAME = [
      (0, 0, 0), (0, 0, 0), (0, 0, 0), (0, 0, 0), (0, 0, 0), (0, 0, 0), (0, 0, 0), (0, 0, 0),
    (0, 0, 0), (0, 0, 0), (0, 0, 0), (76, 207, 26), (0, 0, 0), (0, 0, 0), (0, 0, 0), (0, 0, 0),
    (0, 0, 0), (0, 0, 0), (0, 0, 0), (76, 207, 26), (76, 207, 26), (0, 0, 0), (0, 0, 0), (0, 0, 0),
    (0, 0, 0), (0, 0, 0), (0, 0, 0), (76, 207, 26), (76, 207, 26), (76, 207, 26), (0, 0, 0), (0, 0, 0),
    (0, 0, 0), (0, 0, 0), (0, 0, 0), (76, 207, 26), (76, 207, 26), (76, 207, 26), (0, 0, 0), (0, 0, 0),
    (0, 0, 0), (0, 0, 0), (0, 0, 0), (76, 207, 26), (76, 207, 26), (0, 0, 0), (0, 0, 0), (0, 0, 0),
    (0, 0, 0), (0, 0, 0), (0, 0, 0), (76, 207, 26), (0, 0, 0), (0, 0, 0), (0, 0, 0), (0, 0, 0),
    (0, 0, 0), (0, 0, 0), (0, 0, 0), (0, 0, 0), (0, 0, 0), (0, 0, 0), (0, 0, 0), (0, 0, 0),
  ]

AVSLUTT_SPILL = [
      (208, 2, 27), (208, 2, 27), (0, 0, 0), (0, 0, 0), (0, 0, 0), (0, 0, 0), (208, 2, 27), (208, 2, 27),
    (208, 2, 27), (208, 2, 27), (208, 2, 27), (0, 0, 0), (0, 0, 0), (208, 2, 27), (208, 2, 27), (208, 2, 27),
    (0, 0, 0), (208, 2, 27), (208, 2, 27), (208, 2, 27), (208, 2, 27), (208, 2, 27), (208, 2, 27), (0, 0, 0),
    (0, 0, 0), (0, 0, 0), (208, 2, 27), (208, 2, 27), (208, 2, 27), (208, 2, 27), (0, 0, 0), (0, 0, 0),
    (0, 0, 0), (0, 0, 0), (208, 2, 27), (208, 2, 27), (208, 2, 27), (208, 2, 27), (0, 0, 0), (0, 0, 0),
    (0, 0, 0), (208, 2, 27), (208, 2, 27), (208, 2, 27), (208, 2, 27), (208, 2, 27), (208, 2, 27), (0, 0, 0),
    (208, 2, 27), (208, 2, 27), (208, 2, 27), (0, 0, 0), (0, 0, 0), (208, 2, 27), (208, 2, 27), (208, 2, 27),
    (208, 2, 27), (208, 2, 27), (0, 0, 0), (0, 0, 0), (0, 0, 0), (0, 0, 0), (208, 2, 27), (208, 2, 27),
  ]

MAPS:

RACE_TRACK = [
      (255, 0, 0), (155, 155, 155), (155, 155, 155), (155, 155, 155), (155, 155, 155), (155, 155, 155), (155, 155, 155), (255, 0, 0),
    (255, 255, 255), (155, 155, 155), (155, 155, 155), (155, 155, 155), (155, 155, 155), (155, 155, 155), (155, 155, 155), (255, 255, 255),
    (255, 0, 0), (155, 155, 155), (155, 155, 155), (155, 155, 155), (155, 155, 155), (155, 155, 155), (155, 155, 155), (255, 0, 0),
    (255, 255, 255), (155, 155, 155), (155, 155, 155), (155, 155, 155), (155, 155, 155), (155, 155, 155), (155, 155, 155), (255, 255, 255),
    (255, 0, 0), (155, 155, 155), (155, 155, 155), (155, 155, 155), (155, 155, 155), (155, 155, 155), (155, 155, 155), (255, 0, 0),
    (255, 255, 255), (155, 155, 155), (155, 155, 155), (155, 155, 155), (155, 155, 155), (155, 155, 155), (155, 155, 155), (255, 255, 255),
    (255, 0, 0), (155, 155, 155), (155, 155, 155), (155, 155, 155), (155, 155, 155), (155, 155, 155), (155, 155, 155), (255, 0, 0),
    (255, 255, 255), (155, 155, 155), (155, 155, 155), (155, 155, 155), (155, 155, 155), (155, 155, 155), (155, 155, 155), (255, 255, 255),
  ]
  
DESERT = [
      (255, 128, 0), (155, 155, 155), (155, 155, 155), (155, 155, 155), (155, 155, 155), (155, 155, 155), (155, 155, 155), (255, 128, 0),
    (255, 128, 0), (155, 155, 155), (155, 155, 155), (155, 155, 155), (155, 155, 155), (155, 155, 155), (155, 155, 155), (255, 128, 0),
    (255, 128, 0), (155, 155, 155), (155, 155, 155), (155, 155, 155), (155, 155, 155), (155, 155, 155), (155, 155, 155), (255, 128, 0),
    (255, 128, 0), (155, 155, 155), (155, 155, 155), (155, 155, 155), (155, 155, 155), (155, 155, 155), (155, 155, 155), (255, 128, 0),
    (255, 128, 0), (155, 155, 155), (155, 155, 155), (155, 155, 155), (155, 155, 155), (155, 155, 155), (155, 155, 155), (255, 128, 0),
    (255, 128, 0), (155, 155, 155), (155, 155, 155), (155, 155, 155), (155, 155, 155), (155, 155, 155), (155, 155, 155), (255, 128, 0),
    (255, 128, 0), (155, 155, 155), (155, 155, 155), (155, 155, 155), (155, 155, 155), (155, 155, 155), (155, 155, 155), (255, 128, 0),
    (255, 128, 0), (155, 155, 155), (155, 155, 155), (155, 155, 155), (155, 155, 155), (155, 155, 155), (155, 155, 155), (255, 128, 0),
  ]
  
GRASS = [
      (0, 255, 0), (155, 155, 155), (155, 155, 155), (155, 155, 155), (155, 155, 155), (155, 155, 155), (155, 155, 155), (0, 255, 0),
    (0, 255, 0), (155, 155, 155), (155, 155, 155), (155, 155, 155), (155, 155, 155), (155, 155, 155), (155, 155, 155), (0, 255, 0),
    (0, 255, 0), (155, 155, 155), (155, 155, 155), (155, 155, 155), (155, 155, 155), (155, 155, 155), (155, 155, 155), (0, 255, 0),
    (0, 255, 0), (155, 155, 155), (155, 155, 155), (155, 155, 155), (155, 155, 155), (155, 155, 155), (155, 155, 155), (0, 255, 0),
    (0, 255, 0), (155, 155, 155), (155, 155, 155), (155, 155, 155), (155, 155, 155), (155, 155, 155), (155, 155, 155), (0, 255, 0),
    (0, 255, 0), (155, 155, 155), (155, 155, 155), (155, 155, 155), (155, 155, 155), (155, 155, 155), (155, 155, 155), (0, 255, 0),
    (0, 255, 0), (155, 155, 155), (155, 155, 155), (155, 155, 155), (155, 155, 155), (155, 155, 155), (155, 155, 155), (0, 255, 0),
    (0, 255, 0), (155, 155, 155), (155, 155, 155), (155, 155, 155), (155, 155, 155), (155, 155, 155), (155, 155, 155), (0, 255, 0),
  ]
  
BEACH = [
      (80, 227, 194), (255, 156, 49), (255, 156, 49), (255, 156, 49), (255, 156, 49), (255, 156, 49), (255, 156, 49), (74, 74, 74),
    (80, 227, 194), (255, 156, 49), (255, 156, 49), (255, 156, 49), (255, 156, 49), (255, 156, 49), (255, 156, 49), (74, 74, 74),
    (80, 227, 194), (255, 156, 49), (255, 156, 49), (255, 156, 49), (255, 156, 49), (255, 156, 49), (255, 156, 49), (74, 74, 74),
    (80, 227, 194), (255, 156, 49), (255, 156, 49), (255, 156, 49), (255, 156, 49), (255, 156, 49), (255, 156, 49), (74, 74, 74),
    (80, 227, 194), (255, 156, 49), (255, 156, 49), (255, 156, 49), (255, 156, 49), (255, 156, 49), (255, 156, 49), (74, 74, 74),
    (80, 227, 194), (255, 156, 49), (255, 156, 49), (255, 156, 49), (255, 156, 49), (255, 156, 49), (255, 156, 49), (74, 74, 74),
    (80, 227, 194), (255, 156, 49), (255, 156, 49), (255, 156, 49), (255, 156, 49), (255, 156, 49), (255, 156, 49), (74, 74, 74),
    (80, 227, 194), (255, 156, 49), (255, 156, 49), (255, 156, 49), (255, 156, 49), (255, 156, 49), (255, 156, 49), (74, 74, 74),
  ]
  
FOREST_OFFROAD = [
      (0, 100, 0), (0, 255, 0), (0, 255, 0), (0, 255, 0), (0, 255, 0), (0, 255, 0), (0, 255, 0), (0, 100, 0),
    (0, 100, 0), (0, 255, 0), (0, 255, 0), (0, 255, 0), (0, 255, 0), (0, 255, 0), (0, 255, 0), (0, 100, 0),
    (0, 100, 0), (0, 255, 0), (0, 255, 0), (0, 255, 0), (0, 255, 0), (0, 255, 0), (0, 255, 0), (0, 100, 0),
    (0, 100, 0), (0, 255, 0), (0, 255, 0), (0, 255, 0), (0, 255, 0), (0, 255, 0), (0, 255, 0), (0, 100, 0),
    (0, 100, 0), (0, 255, 0), (0, 255, 0), (0, 255, 0), (0, 255, 0), (0, 255, 0), (0, 255, 0), (0, 100, 0),
    (0, 100, 0), (0, 255, 0), (0, 255, 0), (0, 255, 0), (0, 255, 0), (0, 255, 0), (0, 255, 0), (0, 100, 0),
    (0, 100, 0), (0, 255, 0), (0, 255, 0), (0, 255, 0), (0, 255, 0), (0, 255, 0), (0, 255, 0), (0, 100, 0),
    (0, 100, 0), (0, 255, 0), (0, 255, 0), (0, 255, 0), (0, 255, 0), (0, 255, 0), (0, 255, 0), (0, 100, 0),
  ]
  
FOREST = [
      (0, 100, 0), (255, 157, 55), (255, 157, 55), (255, 157, 55), (255, 157, 55), (255, 157, 55), (255, 157, 55), (0, 100, 0),
    (0, 100, 0), (255, 157, 55), (255, 157, 55), (255, 157, 55), (255, 157, 55), (255, 157, 55), (255, 157, 55), (0, 100, 0),
    (0, 100, 0), (255, 157, 55), (255, 157, 55), (255, 157, 55), (255, 157, 55), (255, 157, 55), (255, 157, 55), (0, 100, 0),
    (0, 100, 0), (255, 157, 55), (255, 157, 55), (255, 157, 55), (255, 157, 55), (255, 157, 55), (255, 157, 55), (0, 100, 0),
    (0, 100, 0), (255, 157, 55), (255, 157, 55), (255, 157, 55), (255, 157, 55), (255, 157, 55), (255, 157, 55), (0, 100, 0),
    (0, 100, 0), (255, 157, 55), (255, 157, 55), (255, 157, 55), (255, 157, 55), (255, 157, 55), (255, 157, 55), (0, 100, 0),
    (0, 100, 0), (255, 157, 55), (255, 157, 55), (255, 157, 55), (255, 157, 55), (255, 157, 55), (255, 157, 55), (0, 100, 0),
    (0, 100, 0), (255, 157, 55), (255, 157, 55), (255, 157, 55), (255, 157, 55), (255, 157, 55), (255, 157, 55), (0, 100, 0),
  ]
  
MOUNTAIN = [
      (74, 74, 74), (155, 155, 155), (155, 155, 155), (155, 155, 155), (155, 155, 155), (155, 155, 155), (155, 155, 155), (74, 74, 74),
    (74, 74, 74), (155, 155, 155), (155, 155, 155), (155, 155, 155), (155, 155, 155), (155, 155, 155), (155, 155, 155), (74, 74, 74),
    (74, 74, 74), (155, 155, 155), (155, 155, 155), (155, 155, 155), (155, 155, 155), (155, 155, 155), (155, 155, 155), (74, 74, 74),
    (74, 74, 74), (155, 155, 155), (155, 155, 155), (155, 155, 155), (155, 155, 155), (155, 155, 155), (155, 155, 155), (74, 74, 74),
    (74, 74, 74), (155, 155, 155), (155, 155, 155), (155, 155, 155), (155, 155, 155), (155, 155, 155), (155, 155, 155), (74, 74, 74),
    (74, 74, 74), (155, 155, 155), (155, 155, 155), (155, 155, 155), (155, 155, 155), (155, 155, 155), (155, 155, 155), (74, 74, 74),
    (74, 74, 74), (155, 155, 155), (155, 155, 155), (155, 155, 155), (155, 155, 155), (155, 155, 155), (155, 155, 155), (74, 74, 74),
    (74, 74, 74), (155, 155, 155), (155, 155, 155), (155, 155, 155), (155, 155, 155), (155, 155, 155), (155, 155, 155), (74, 74, 74),
  ]
  
SNOW_OFFROAD = [
      (80, 227, 194), (255, 255, 255), (255, 255, 255), (255, 255, 255), (255, 255, 255), (255, 255, 255), (255, 255, 255), (80, 227, 194),
    (80, 227, 194), (255, 255, 255), (255, 255, 255), (255, 255, 255), (255, 255, 255), (255, 255, 255), (255, 255, 255), (80, 227, 194),
    (80, 227, 194), (255, 255, 255), (255, 255, 255), (255, 255, 255), (255, 255, 255), (255, 255, 255), (255, 255, 255), (80, 227, 194),
    (80, 227, 194), (255, 255, 255), (255, 255, 255), (255, 255, 255), (255, 255, 255), (255, 255, 255), (255, 255, 255), (80, 227, 194),
    (80, 227, 194), (255, 255, 255), (255, 255, 255), (255, 255, 255), (255, 255, 255), (255, 255, 255), (255, 255, 255), (80, 227, 194),
    (80, 227, 194), (255, 255, 255), (255, 255, 255), (255, 255, 255), (255, 255, 255), (255, 255, 255), (255, 255, 255), (80, 227, 194),
    (80, 227, 194), (255, 255, 255), (255, 255, 255), (255, 255, 255), (255, 255, 255), (255, 255, 255), (255, 255, 255), (80, 227, 194),
    (80, 227, 194), (255, 255, 255), (255, 255, 255), (255, 255, 255), (255, 255, 255), (255, 255, 255), (255, 255, 255), (80, 227, 194),
  ]
  
DESERT_OFFROAD = [
      (255, 128, 0), (255, 155, 60), (255, 155, 60), (255, 155, 60), (255, 155, 60), (255, 155, 60), (255, 155, 60), (255, 128, 0),
    (255, 128, 0), (255, 155, 60), (255, 155, 60), (255, 155, 60), (255, 155, 60), (255, 155, 60), (255, 155, 60), (255, 128, 0),
    (255, 128, 0), (255, 155, 60), (255, 155, 60), (255, 155, 60), (255, 155, 60), (255, 155, 60), (255, 155, 60), (255, 128, 0),
    (255, 128, 0), (255, 155, 60), (255, 155, 60), (255, 155, 60), (255, 155, 60), (255, 155, 60), (255, 155, 60), (255, 128, 0),
    (255, 128, 0), (255, 155, 60), (255, 155, 60), (255, 155, 60), (255, 155, 60), (255, 155, 60), (255, 155, 60), (255, 128, 0),
    (255, 128, 0), (255, 155, 60), (255, 155, 60), (255, 155, 60), (255, 155, 60), (255, 155, 60), (255, 155, 60), (255, 128, 0),
    (255, 128, 0), (255, 155, 60), (255, 155, 60), (255, 155, 60), (255, 155, 60), (255, 155, 60), (255, 155, 60), (255, 128, 0),
    (255, 128, 0), (255, 155, 60), (255, 155, 60), (255, 155, 60), (255, 155, 60), (255, 155, 60), (255, 155, 60), (255, 128, 0),
  ]
  
SNOW = [
      (255, 255, 255), (155, 155, 155), (155, 155, 155), (155, 155, 155), (155, 155, 155), (155, 155, 155), (155, 155, 155), (255, 255, 255),
    (255, 255, 255), (155, 155, 155), (155, 155, 155), (155, 155, 155), (155, 155, 155), (155, 155, 155), (155, 155, 155), (255, 255, 255),
    (255, 255, 255), (155, 155, 155), (155, 155, 155), (155, 155, 155), (155, 155, 155), (155, 155, 155), (155, 155, 155), (255, 255, 255),
    (255, 255, 255), (155, 155, 155), (155, 155, 155), (155, 155, 155), (155, 155, 155), (155, 155, 155), (155, 155, 155), (255, 255, 255),
    (255, 255, 255), (155, 155, 155), (155, 155, 155), (155, 155, 155), (155, 155, 155), (155, 155, 155), (155, 155, 155), (255, 255, 255),
    (255, 255, 255), (155, 155, 155), (155, 155, 155), (155, 155, 155), (155, 155, 155), (155, 155, 155), (155, 155, 155), (255, 255, 255),
    (255, 255, 255), (155, 155, 155), (155, 155, 155), (155, 155, 155), (155, 155, 155), (155, 155, 155), (155, 155, 155), (255, 255, 255),
    (255, 255, 255), (155, 155, 155), (155, 155, 155), (155, 155, 155), (155, 155, 155), (155, 155, 155), (155, 155, 155), (255, 255, 255),
  ]
  
VOLCANO = [
      (85, 0, 0), (208, 2, 27), (208, 2, 27), (208, 66, 2), (208, 2, 27), (208, 66, 2), (208, 2, 27), (85, 0, 0),
    (85, 0, 0), (208, 66, 2), (208, 2, 27), (208, 2, 27), (208, 2, 27), (208, 2, 27), (208, 2, 27), (85, 0, 0),
    (85, 0, 0), (208, 2, 27), (208, 2, 27), (208, 66, 2), (208, 2, 27), (208, 2, 27), (208, 66, 2), (85, 0, 0),
    (85, 0, 0), (208, 66, 2), (208, 2, 27), (208, 66, 2), (208, 2, 27), (208, 66, 2), (208, 2, 27), (85, 0, 0),
    (85, 0, 0), (208, 2, 27), (208, 2, 27), (208, 2, 27), (208, 2, 27), (208, 2, 27), (208, 2, 27), (85, 0, 0),
    (85, 0, 0), (208, 2, 27), (208, 66, 2), (208, 2, 27), (208, 66, 2), (208, 66, 2), (208, 66, 2), (85, 0, 0),
    (85, 0, 0), (208, 2, 27), (208, 66, 2), (208, 2, 27), (208, 66, 2), (208, 66, 2), (208, 2, 27), (85, 0, 0),
    (85, 0, 0), (208, 2, 27), (208, 2, 27), (208, 66, 2), (208, 2, 27), (208, 2, 27), (208, 2, 27), (85, 0, 0),
  ]
  
RAINBOW = [
      (255, 255, 255), (255, 0, 0), (255, 0, 0), (255, 0, 0), (255, 0, 0), (255, 0, 0), (255, 0, 0), (255, 255, 255),
    (255, 255, 255), (255, 128, 0), (255, 128, 0), (255, 128, 0), (255, 128, 0), (255, 128, 0), (255, 128, 0), (255, 255, 255),
    (255, 255, 255), (255, 255, 0), (255, 255, 0), (255, 255, 0), (255, 255, 0), (255, 255, 0), (255, 255, 0), (255, 255, 255),
    (255, 255, 255), (0, 255, 0), (0, 255, 0), (0, 255, 0), (0, 255, 0), (0, 255, 0), (0, 255, 0), (255, 255, 255),
    (255, 255, 255), (0, 255, 255), (0, 255, 255), (0, 255, 255), (0, 255, 255), (0, 255, 255), (0, 255, 255), (255, 255, 255),
    (255, 255, 255), (0, 0, 255), (0, 0, 255), (0, 0, 255), (0, 0, 255), (0, 0, 255), (0, 0, 255), (255, 255, 255),
    (255, 255, 255), (128, 0, 128), (128, 0, 128), (128, 0, 128), (128, 0, 128), (128, 0, 128), (128, 0, 128), (255, 255, 255),
    (255, 255, 255), (255, 0, 128), (255, 0, 128), (255, 0, 128), (255, 0, 128), (255, 0, 128), (255, 0, 128), (255, 255, 255),
  ]
  
CHECKERS = [
      (255, 255, 255), (0, 0, 0), (255, 255, 255), (0, 0, 0), (255, 255, 255), (0, 0, 0), (255, 255, 255), (0, 0, 0),
    (0, 0, 0), (255, 255, 255), (0, 0, 0), (255, 255, 255), (0, 0, 0), (255, 255, 255), (0, 0, 0), (255, 255, 255),
    (255, 255, 255), (0, 0, 0), (255, 255, 255), (0, 0, 0), (255, 255, 255), (0, 0, 0), (255, 255, 255), (0, 0, 0),
    (0, 0, 0), (255, 255, 255), (0, 0, 0), (255, 255, 255), (0, 0, 0), (255, 255, 255), (0, 0, 0), (255, 255, 255),
    (255, 255, 255), (0, 0, 0), (255, 255, 255), (0, 0, 0), (255, 255, 255), (0, 0, 0), (255, 255, 255), (0, 0, 0),
    (0, 0, 0), (255, 255, 255), (0, 0, 0), (255, 255, 255), (0, 0, 0), (255, 255, 255), (0, 0, 0), (255, 255, 255),
    (255, 255, 255), (0, 0, 0), (255, 255, 255), (0, 0, 0), (255, 255, 255), (0, 0, 0), (255, 255, 255), (0, 0, 0),
    (0, 0, 0), (255, 255, 255), (0, 0, 0), (255, 255, 255), (0, 0, 0), (255, 255, 255), (0, 0, 0), (255, 255, 255),
  ]
  
RAINBOW2 = [
      (255, 255, 255), (255, 0, 0), (255, 128, 0), (255, 255, 0), (2, 255, 0), (0, 0, 255), (128, 0, 128), (255, 255, 255),
    (255, 255, 255), (255, 0, 0), (255, 128, 0), (255, 255, 0), (2, 255, 0), (0, 0, 255), (128, 0, 128), (255, 255, 255),
    (255, 255, 255), (255, 0, 0), (255, 128, 0), (255, 255, 0), (2, 255, 0), (0, 0, 255), (128, 0, 128), (255, 255, 255),
    (255, 255, 255), (255, 0, 0), (255, 128, 0), (255, 255, 0), (2, 255, 0), (0, 0, 255), (128, 0, 128), (255, 255, 255),
    (255, 255, 255), (255, 0, 0), (255, 128, 0), (255, 255, 0), (2, 255, 0), (0, 0, 255), (128, 0, 128), (255, 255, 255),
    (255, 255, 255), (255, 0, 0), (255, 128, 0), (255, 255, 0), (2, 255, 0), (0, 0, 255), (128, 0, 128), (255, 255, 255),
    (255, 255, 255), (255, 0, 0), (255, 128, 0), (255, 255, 0), (2, 255, 0), (0, 0, 255), (128, 0, 128), (255, 255, 255),
    (255, 255, 255), (255, 0, 0), (255, 128, 0), (255, 255, 0), (2, 255, 0), (0, 0, 255), (128, 0, 128), (255, 255, 255),
  ]
  
WAVES = [
      (0, 128, 255), (0, 255, 128), (0, 255, 128), (0, 255, 255), (0, 255, 255), (0, 255, 128), (0, 255, 128), (0, 128, 255),
    (0, 128, 255), (0, 255, 128), (0, 255, 255), (0, 255, 255), (0, 255, 128), (0, 255, 128), (0, 255, 255), (0, 128, 255),
    (0, 128, 255), (0, 255, 255), (0, 255, 255), (0, 255, 128), (0, 255, 128), (0, 255, 255), (0, 255, 255), (0, 128, 255),
    (0, 128, 255), (0, 255, 255), (0, 255, 128), (0, 255, 128), (0, 255, 255), (0, 255, 255), (0, 255, 128), (0, 128, 255),
    (0, 128, 255), (0, 255, 128), (0, 255, 128), (0, 255, 255), (0, 255, 255), (0, 255, 128), (0, 255, 128), (0, 128, 255),
    (0, 128, 255), (0, 255, 128), (0, 255, 255), (0, 255, 255), (0, 255, 128), (0, 255, 128), (0, 255, 255), (0, 128, 255),
    (0, 128, 255), (0, 255, 255), (0, 255, 255), (0, 255, 128), (0, 255, 128), (0, 255, 255), (0, 255, 255), (0, 128, 255),
    (0, 128, 255), (0, 255, 255), (0, 255, 128), (0, 255, 128), (0, 255, 255), (0, 255, 255), (0, 255, 128), (0, 128, 255),
  ]
  
WAVES2 = [
      (0, 128, 255), (0, 255, 255), (0, 255, 128), (0, 255, 255), (0, 255, 128), (0, 255, 255), (0, 255, 128), (0, 128, 255),
    (0, 128, 255), (0, 255, 255), (0, 255, 128), (0, 255, 255), (0, 255, 128), (0, 255, 255), (0, 255, 128), (0, 128, 255),
    (0, 128, 255), (0, 255, 255), (0, 255, 128), (0, 255, 255), (0, 255, 128), (0, 255, 255), (0, 255, 128), (0, 128, 255),
    (0, 128, 255), (0, 255, 255), (0, 255, 128), (0, 255, 255), (0, 255, 128), (0, 255, 255), (0, 255, 128), (0, 128, 255),
    (0, 128, 255), (0, 255, 255), (0, 255, 128), (0, 255, 255), (0, 255, 128), (0, 255, 255), (0, 255, 128), (0, 128, 255),
    (0, 128, 255), (0, 255, 255), (0, 255, 128), (0, 255, 255), (0, 255, 128), (0, 255, 255), (0, 255, 128), (0, 128, 255),
    (0, 128, 255), (0, 255, 255), (0, 255, 128), (0, 255, 255), (0, 255, 128), (0, 255, 255), (0, 255, 128), (0, 128, 255),
    (0, 128, 255), (0, 255, 255), (0, 255, 128), (0, 255, 255), (0, 255, 128), (0, 255, 255), (0, 255, 128), (0, 128, 255),
  ]
  
THE_VOID = [
      (0, 0, 0), (0, 0, 0), (0, 0, 0), (0, 0, 0), (0, 0, 0), (0, 0, 0), (0, 0, 0), (0, 0, 0),
    (0, 0, 0), (0, 0, 0), (0, 0, 0), (0, 0, 0), (0, 0, 0), (0, 0, 0), (0, 0, 0), (0, 0, 0),
    (0, 0, 0), (0, 0, 0), (0, 0, 0), (0, 0, 0), (0, 0, 0), (0, 0, 0), (0, 0, 0), (0, 0, 0),
    (0, 0, 0), (0, 0, 0), (0, 0, 0), (0, 0, 0), (0, 0, 0), (0, 0, 0), (0, 0, 0), (0, 0, 0),
    (0, 0, 0), (0, 0, 0), (0, 0, 0), (0, 0, 0), (0, 0, 0), (0, 0, 0), (0, 0, 0), (0, 0, 0),
    (0, 0, 0), (0, 0, 0), (0, 0, 0), (0, 0, 0), (0, 0, 0), (0, 0, 0), (0, 0, 0), (0, 0, 0),
    (0, 0, 0), (0, 0, 0), (0, 0, 0), (0, 0, 0), (0, 0, 0), (0, 0, 0), (0, 0, 0), (0, 0, 0),
    (0, 0, 0), (0, 0, 0), (0, 0, 0), (0, 0, 0), (0, 0, 0), (0, 0, 0), (0, 0, 0), (0, 0, 0),
  ]
  
HEAVEN = [
      (255, 255, 255), (255, 255, 73), (255, 255, 73), (255, 255, 73), (255, 255, 73), (255, 255, 73), (255, 255, 73), (255, 255, 255),
    (255, 255, 255), (255, 255, 73), (255, 255, 73), (255, 255, 73), (255, 255, 73), (255, 255, 73), (255, 255, 73), (255, 255, 255),
    (255, 255, 255), (255, 255, 73), (255, 255, 73), (255, 255, 73), (255, 255, 73), (255, 255, 73), (255, 255, 73), (255, 255, 255),
    (255, 255, 255), (255, 255, 73), (255, 255, 73), (255, 255, 73), (255, 255, 73), (255, 255, 73), (255, 255, 73), (255, 255, 255),
    (255, 255, 255), (255, 255, 73), (255, 255, 73), (255, 255, 73), (255, 255, 73), (255, 255, 73), (255, 255, 73), (255, 255, 255),
    (255, 255, 255), (255, 255, 73), (255, 255, 73), (255, 255, 73), (255, 255, 73), (255, 255, 73), (255, 255, 73), (255, 255, 255),
    (255, 255, 255), (255, 255, 73), (255, 255, 73), (255, 255, 73), (255, 255, 73), (255, 255, 73), (255, 255, 73), (255, 255, 255),
    (255, 255, 255), (255, 255, 73), (255, 255, 73), (255, 255, 73), (255, 255, 73), (255, 255, 73), (255, 255, 73), (255, 255, 255),
  ]
  
CANDYLAND = [
      (255, 86, 169), (255, 119, 186), (255, 119, 186), (255, 119, 186), (255, 119, 186), (255, 119, 186), (255, 119, 186), (255, 86, 169),
    (255, 86, 169), (255, 119, 186), (255, 119, 186), (255, 119, 186), (255, 119, 186), (255, 119, 186), (255, 119, 186), (255, 86, 169),
    (255, 86, 169), (255, 119, 186), (255, 119, 186), (255, 119, 186), (255, 119, 186), (255, 119, 186), (255, 119, 186), (255, 86, 169),
    (255, 86, 169), (255, 119, 186), (255, 119, 186), (255, 119, 186), (255, 119, 186), (255, 119, 186), (255, 119, 186), (255, 86, 169),
    (255, 86, 169), (255, 119, 186), (255, 119, 186), (255, 119, 186), (255, 119, 186), (255, 119, 186), (255, 119, 186), (255, 86, 169),
    (255, 86, 169), (255, 119, 186), (255, 119, 186), (255, 119, 186), (255, 119, 186), (255, 119, 186), (255, 119, 186), (255, 86, 169),
    (255, 86, 169), (255, 119, 186), (255, 119, 186), (255, 119, 186), (255, 119, 186), (255, 119, 186), (255, 119, 186), (255, 86, 169),
    (255, 86, 169), (255, 119, 186), (255, 119, 186), (255, 119, 186), (255, 119, 186), (255, 119, 186), (255, 119, 186), (255, 86, 169),
  ]
  
MENYBILDE = [
      (0, 255, 0), (155, 155, 155), (155, 155, 155), (155, 155, 155), (155, 155, 155), (155, 155, 155), (155, 155, 155), (0, 0, 0),
    (0, 255, 0), (155, 155, 155), (155, 155, 155), (155, 155, 155), (155, 155, 155), (155, 155, 155), (0, 0, 0), (255, 255, 255),
    (0, 255, 0), (155, 155, 155), (155, 155, 155), (155, 155, 155), (155, 155, 155), (0, 0, 0), (128, 0, 128), (255, 255, 255),
    (0, 255, 0), (155, 155, 155), (155, 155, 155), (155, 155, 155), (0, 0, 0), (0, 0, 255), (128, 0, 128), (255, 255, 255),
    (0, 255, 0), (155, 155, 155), (155, 155, 155), (0, 0, 0), (2, 255, 0), (0, 0, 255), (128, 0, 128), (255, 255, 255),
    (0, 255, 0), (155, 155, 155), (0, 0, 0), (255, 255, 0), (2, 255, 0), (0, 0, 255), (128, 0, 128), (255, 255, 255),
    (0, 255, 0), (0, 0, 0), (255, 128, 0), (255, 255, 0), (2, 255, 0), (0, 0, 255), (128, 0, 128), (255, 255, 255),
    (0, 0, 0), (255, 0, 0), (255, 128, 0), (255, 255, 0), (2, 255, 0), (0, 0, 255), (128, 0, 128), (255, 255, 255),
  ]
  
SPEEDBOOST = [
      (255, 0, 0), (255, 255, 255), (255, 255, 255), (0, 0, 255), (0, 0, 255), (255, 255, 255), (255, 255, 255), (255, 0, 0),
    (255, 255, 255), (255, 255, 255), (0, 0, 255), (0, 0, 255), (0, 0, 255), (0, 0, 255), (255, 255, 255), (255, 255, 255),
    (255, 255, 255), (0, 0, 255), (0, 0, 255), (0, 255, 0), (0, 255, 0), (0, 0, 255), (0, 0, 255), (255, 255, 255),
    (0, 0, 255), (0, 0, 255), (0, 255, 0), (0, 255, 0), (0, 255, 0), (0, 255, 0), (0, 0, 255), (0, 0, 255),
    (0, 0, 255), (0, 255, 0), (0, 255, 0), (255, 0, 0), (255, 0, 0), (0, 255, 0), (0, 255, 0), (0, 0, 255),
    (0, 255, 0), (0, 255, 0), (255, 0, 0), (255, 0, 0), (255, 0, 0), (255, 0, 0), (0, 255, 0), (0, 255, 0),
    (0, 255, 0), (255, 0, 0), (255, 0, 0), (255, 255, 255), (255, 255, 255), (255, 0, 0), (255, 0, 0), (0, 255, 0),
    (255, 0, 0), (255, 0, 0), (255, 255, 255), (255, 255, 255), (255, 255, 255), (255, 255, 255), (255, 0, 0), (255, 0, 0),
  ]
